2.00000000  13.86000000 1.51000000 2.67000000 25.00000000 86.00000000 2.95000000 2.86000000 0.21000000 1.87000000 3.38000000 1.36000000 3.16000000 410.00000000
2.00000000  11.84000000 0.89000000 2.58000000 18.00000000 94.00000000 2.20000000 2.21000000 0.22000000 2.35000000 3.05000000 0.79000000 3.08000000 520.00000000
2.00000000  12.04000000 4.30000000 2.38000000 22.00000000 80.00000000 2.10000000 1.75000000 0.42000000 1.35000000 2.60000000 0.79000000 2.57000000 580.00000000
1.00000000  13.72000000 1.43000000 2.50000000 16.70000000 108.00000000 3.40000000 3.67000000 0.19000000 2.04000000 6.80000000 0.89000000 2.87000000 1285.00000000
1.00000000  13.77000000 1.90000000 2.68000000 17.10000000 115.00000000 3.00000000 2.79000000 0.39000000 1.68000000 6.30000000 1.13000000 2.93000000 1375.00000000
1.00000000  14.19000000 1.59000000 2.48000000 16.50000000 108.00000000 3.30000000 3.93000000 0.32000000 1.86000000 8.70000000 1.23000000 2.82000000 1680.00000000
2.00000000  11.41000000 0.74000000 2.50000000 21.00000000 88.00000000 2.48000000 2.01000000 0.42000000 1.44000000 3.08000000 1.10000000 2.31000000 434.00000000
2.00000000  11.46000000 3.74000000 1.82000000 19.50000000 107.00000000 3.18000000 2.58000000 0.24000000 3.58000000 2.90000000 0.75000000 2.81000000 562.00000000
1.00000000  13.74000000 1.67000000 2.25000000 16.40000000 118.00000000 2.60000000 2.90000000 0.21000000 1.62000000 5.85000000 0.92000000 3.20000000 1060.00000000
2.00000000  12.00000000 1.51000000 2.42000000 22.00000000 86.00000000 1.45000000 1.25000000 0.50000000 1.63000000 3.60000000 1.05000000 2.65000000 450.00000000
2.00000000  12.25000000 1.73000000 2.12000000 19.00000000 80.00000000 1.65000000 2.03000000 0.37000000 1.63000000 3.40000000 1.00000000 3.17000000 510.00000000
1.00000000  13.88000000 1.89000000 2.59000000 15.00000000 101.00000000 3.25000000 3.56000000 0.17000000 1.70000000 5.43000000 0.88000000 3.56000000 1095.00000000
1.00000000  13.86000000 1.35000000 2.27000000 16.00000000 98.00000000 2.98000000 3.15000000 0.22000000 1.85000000 7.22000000 1.01000000 3.55000000 1045.00000000
1.00000000  13.56000000 1.73000000 2.46000000 20.50000000 116.00000000 2.96000000 2.78000000 0.20000000 2.45000000 6.25000000 0.98000000 3.03000000 1120.00000000
3.00000000  12.25000000 4.72000000 2.54000000 21.00000000 89.00000000 1.38000000 0.47000000 0.53000000 0.80000000 3.85000000 0.75000000 1.27000000 720.00000000
3.00000000  13.49000000 3.59000000 2.19000000 19.50000000 88.00000000 1.62000000 0.48000000 0.58000000 0.88000000 5.70000000 0.81000000 1.82000000 580.00000000
2.00000000  11.82000000 1.47000000 1.99000000 20.80000000 86.00000000 1.98000000 1.60000000 0.30000000 1.53000000 1.95000000 0.95000000 3.33000000 495.00000000
2.00000000  12.29000000 1.61000000 2.21000000 20.40000000 103.00000000 1.10000000 1.02000000 0.37000000 1.46000000 3.05000000 0.90600000 1.82000000 870.00000000
2.00000000  11.81000000 2.12000000 2.74000000 21.50000000 134.00000000 1.60000000 0.99000000 0.14000000 1.56000000 2.50000000 0.95000000 2.26000000 625.00000000
3.00000000  13.36000000 2.56000000 2.35000000 20.00000000 89.00000000 1.40000000 0.50000000 0.37000000 0.64000000 5.60000000 0.70000000 2.47000000 780.00000000
3.00000000  12.88000000 2.99000000 2.40000000 20.00000000 104.00000000 1.30000000 1.22000000 0.24000000 0.83000000 5.40000000 0.74000000 1.42000000 530.00000000
2.00000000  12.70000000 3.87000000 2.40000000 23.00000000 101.00000000 2.83000000 2.55000000 0.43000000 1.95000000 2.57000000 1.19000000 3.13000000 463.00000000
3.00000000  12.87000000 4.61000000 2.48000000 21.50000000 86.00000000 1.70000000 0.65000000 0.47000000 0.86000000 7.65000000 0.54000000 1.86000000 625.00000000
2.00000000  12.99000000 1.67000000 2.60000000 30.00000000 139.00000000 3.30000000 2.89000000 0.21000000 1.96000000 3.35000000 1.31000000 3.50000000 985.00000000
3.00000000  12.58000000 1.29000000 2.10000000 20.00000000 103.00000000 1.48000000 0.58000000 0.53000000 1.40000000 7.60000000 0.58000000 1.55000000 640.00000000
1.00000000  13.05000000 1.65000000 2.55000000 18.00000000 98.00000000 2.45000000 2.43000000 0.29000000 1.44000000 4.25000000 1.12000000 2.51000000 1105.00000000
2.00000000  12.77000000 3.43000000 1.98000000 16.00000000 80.00000000 1.63000000 1.25000000 0.43000000 0.83000000 3.40000000 0.70000000 2.12000000 372.00000000
3.00000000  12.51000000 1.24000000 2.25000000 17.50000000 85.00000000 2.00000000 0.58000000 0.60000000 1.25000000 5.45000000 0.75000000 1.51000000 650.00000000
2.00000000  12.08000000 1.13000000 2.51000000 24.00000000 78.00000000 2.00000000 1.58000000 0.40000000 1.40000000 2.20000000 1.31000000 2.72000000 630.00000000
2.00000000  11.61000000 1.35000000 2.70000000 20.00000000 94.00000000 2.74000000 2.92000000 0.29000000 2.49000000 2.65000000 0.96000000 3.26000000 680.00000000
1.00000000  14.39000000 1.87000000 2.45000000 14.60000000 96.00000000 2.50000000 2.52000000 0.30000000 1.98000000 5.25000000 1.02000000 3.58000000 1290.00000000
2.00000000  11.66000000 1.88000000 1.92000000 16.00000000 97.00000000 1.61000000 1.57000000 0.34000000 1.15000000 3.80000000 1.23000000 2.14000000 428.00000000
1.00000000  14.06000000 1.63000000 2.28000000 16.00000000 126.00000000 3.00000000 3.17000000 0.24000000 2.10000000 5.65000000 1.09000000 3.71000000 780.00000000
1.00000000  13.41000000 3.84000000 2.12000000 18.80000000 90.00000000 2.45000000 2.68000000 0.27000000 1.48000000 4.28000000 0.91000000 3.00000000 1035.00000000
2.00000000  12.42000000 4.43000000 2.73000000 26.50000000 102.00000000 2.20000000 2.13000000 0.43000000 1.71000000 2.08000000 0.92000000 3.12000000 365.00000000
2.00000000  12.72000000 1.81000000 2.20000000 18.80000000 86.00000000 2.20000000 2.53000000 0.26000000 1.77000000 3.90000000 1.16000000 3.14000000 714.00000000
3.00000000  13.78000000 2.76000000 2.30000000 22.00000000 90.00000000 1.35000000 0.68000000 0.41000000 1.03000000 9.58000000 0.70000000 1.68000000 615.00000000
1.00000000  13.51000000 1.80000000 2.65000000 19.00000000 110.00000000 2.35000000 2.53000000 0.29000000 1.54000000 4.20000000 1.10000000 2.87000000 1095.00000000
2.00000000  12.29000000 2.83000000 2.22000000 18.00000000 88.00000000 2.45000000 2.25000000 0.25000000 1.99000000 2.15000000 1.15000000 3.30000000 290.00000000
1.00000000  14.06000000 2.15000000 2.61000000 17.60000000 121.00000000 2.60000000 2.51000000 0.31000000 1.25000000 5.05000000 1.06000000 3.58000000 1295.00000000
2.00000000  13.49000000 1.66000000 2.24000000 24.00000000 87.00000000 1.88000000 1.84000000 0.27000000 1.03000000 3.74000000 0.98000000 2.78000000 472.00000000
2.00000000  11.62000000 1.99000000 2.28000000 18.00000000 98.00000000 3.02000000 2.26000000 0.17000000 1.35000000 3.25000000 1.16000000 2.96000000 345.00000000
2.00000000  12.08000000 2.08000000 1.70000000 17.50000000 97.00000000 2.23000000 2.17000000 0.26000000 1.40000000 3.30000000 1.27000000 2.96000000 710.00000000
1.00000000  13.94000000 1.73000000 2.27000000 17.40000000 108.00000000 2.88000000 3.54000000 0.32000000 2.08000000 8.90000000 1.12000000 3.10000000 1260.00000000
1.00000000  13.82000000 1.75000000 2.42000000 14.00000000 111.00000000 3.88000000 3.74000000 0.32000000 1.87000000 7.05000000 1.01000000 3.26000000 1190.00000000
2.00000000  11.96000000 1.09000000 2.30000000 21.00000000 101.00000000 3.38000000 2.14000000 0.13000000 1.65000000 3.21000000 0.99000000 3.13000000 886.00000000
1.00000000  13.28000000 1.64000000 2.84000000 15.50000000 110.00000000 2.60000000 2.68000000 0.34000000 1.36000000 4.60000000 1.09000000 2.78000000 880.00000000
3.00000000  13.08000000 3.90000000 2.36000000 21.50000000 113.00000000 1.41000000 1.39000000 0.34000000 1.14000000 9.40000000 0.57000000 1.33000000 550.00000000
2.00000000  12.42000000 1.61000000 2.19000000 22.50000000 108.00000000 2.00000000 2.09000000 0.34000000 1.61000000 2.06000000 1.06000000 2.96000000 345.00000000
3.00000000  13.84000000 4.12000000 2.38000000 19.50000000 89.00000000 1.80000000 0.83000000 0.48000000 1.56000000 9.01000000 0.57000000 1.64000000 480.00000000
2.00000000  11.76000000 2.68000000 2.92000000 20.00000000 103.00000000 1.75000000 2.03000000 0.60000000 1.05000000 3.80000000 1.23000000 2.50000000 607.00000000
3.00000000  12.53000000 5.51000000 2.64000000 25.00000000 96.00000000 1.79000000 0.60000000 0.63000000 1.10000000 5.00000000 0.82000000 1.69000000 515.00000000
2.00000000  13.03000000 0.90000000 1.71000000 16.00000000 86.00000000 1.95000000 2.03000000 0.24000000 1.46000000 4.60000000 1.19000000 2.48000000 392.00000000
1.00000000  14.37000000 1.95000000 2.50000000 16.80000000 113.00000000 3.85000000 3.49000000 0.24000000 2.18000000 7.80000000 0.86000000 3.45000000 1480.00000000
1.00000000  13.76000000 1.53000000 2.70000000 19.50000000 132.00000000 2.95000000 2.74000000 0.50000000 1.35000000 5.40000000 1.25000000 3.00000000 1235.00000000
3.00000000  13.32000000 3.24000000 2.38000000 21.50000000 92.00000000 1.93000000 0.76000000 0.45000000 1.25000000 8.42000000 0.55000000 1.62000000 650.00000000
3.00000000  12.84000000 2.96000000 2.61000000 24.00000000 101.00000000 2.32000000 0.60000000 0.53000000 0.81000000 4.92000000 0.89000000 2.15000000 590.00000000
3.00000000  13.73000000 4.36000000 2.26000000 22.50000000 88.00000000 1.28000000 0.47000000 0.52000000 1.15000000 6.62000000 0.78000000 1.75000000 520.00000000
1.00000000  13.24000000 3.98000000 2.29000000 17.50000000 103.00000000 2.64000000 2.63000000 0.32000000 1.66000000 4.36000000 0.82000000 3.00000000 680.00000000
3.00000000  13.45000000 3.70000000 2.60000000 23.00000000 111.00000000 1.70000000 0.92000000 0.43000000 1.46000000 10.68000000 0.85000000 1.56000000 695.00000000
1.00000000  14.38000000 1.87000000 2.38000000 12.00000000 102.00000000 3.30000000 3.64000000 0.29000000 2.96000000 7.50000000 1.20000000 3.00000000 1547.00000000
3.00000000  12.93000000 2.81000000 2.70000000 21.00000000 96.00000000 1.54000000 0.50000000 0.53000000 0.75000000 4.60000000 0.77000000 2.31000000 600.00000000
1.00000000  13.64000000 3.10000000 2.56000000 15.20000000 116.00000000 2.70000000 3.03000000 0.17000000 1.66000000 5.10000000 0.96000000 3.36000000 845.00000000
3.00000000  14.13000000 4.10000000 2.74000000 24.50000000 96.00000000 2.05000000 0.76000000 0.56000000 1.35000000 9.20000000 0.61000000 1.60000000 560.00000000
3.00000000  14.16000000 2.51000000 2.48000000 20.00000000 91.00000000 1.68000000 0.70000000 0.44000000 1.24000000 9.70000000 0.62000000 1.71000000 660.00000000
1.00000000  13.24000000 2.59000000 2.87000000 21.00000000 118.00000000 2.80000000 2.69000000 0.39000000 1.82000000 4.32000000 1.04000000 2.93000000 735.00000000
1.00000000  14.38000000 3.59000000 2.28000000 16.00000000 102.00000000 3.25000000 3.17000000 0.27000000 2.19000000 4.90000000 1.04000000 3.44000000 1065.00000000
2.00000000  11.45000000 2.40000000 2.42000000 20.00000000 96.00000000 2.90000000 2.79000000 0.32000000 1.83000000 3.25000000 0.80000000 3.39000000 625.00000000
1.00000000  14.21000000 4.04000000 2.44000000 18.90000000 111.00000000 2.85000000 2.65000000 0.30000000 1.25000000 5.24000000 0.87000000 3.33000000 1080.00000000
1.00000000  13.48000000 1.81000000 2.41000000 20.50000000 100.00000000 2.70000000 2.98000000 0.26000000 1.86000000 5.10000000 1.04000000 3.47000000 920.00000000
2.00000000  12.69000000 1.53000000 2.26000000 20.70000000 80.00000000 1.38000000 1.46000000 0.58000000 1.62000000 3.05000000 0.96000000 2.06000000 495.00000000
1.00000000  13.83000000 1.65000000 2.60000000 17.20000000 94.00000000 2.45000000 2.99000000 0.22000000 2.29000000 5.60000000 1.24000000 3.37000000 1265.00000000
3.00000000  12.77000000 2.39000000 2.28000000 19.50000000 86.00000000 1.39000000 0.51000000 0.48000000 0.64000000 9.89999900 0.57000000 1.63000000 470.00000000
2.00000000  12.00000000 3.43000000 2.00000000 19.00000000 87.00000000 2.00000000 1.64000000 0.37000000 1.87000000 1.28000000 0.93000000 3.05000000 564.00000000
2.00000000  12.37000000 1.07000000 2.10000000 18.50000000 88.00000000 3.52000000 3.75000000 0.24000000 1.95000000 4.50000000 1.04000000 2.77000000 660.00000000
2.00000000  12.64000000 1.36000000 2.02000000 16.80000000 100.00000000 2.02000000 1.41000000 0.53000000 0.62000000 5.75000000 0.98000000 1.59000000 450.00000000
3.00000000  12.45000000 3.03000000 2.64000000 27.00000000 97.00000000 1.90000000 0.58000000 0.63000000 1.14000000 7.50000000 0.67000000 1.73000000 880.00000000
2.00000000  12.37000000 1.13000000 2.16000000 19.00000000 87.00000000 3.50000000 3.10000000 0.19000000 1.87000000 4.45000000 1.22000000 2.87000000 420.00000000
2.00000000  12.37000000 1.63000000 2.30000000 24.50000000 88.00000000 2.22000000 2.45000000 0.40000000 1.90000000 2.12000000 0.89000000 2.78000000 342.00000000
3.00000000  12.81000000 2.31000000 2.40000000 24.00000000 98.00000000 1.15000000 1.09000000 0.27000000 0.83000000 5.70000000 0.66000000 1.36000000 560.00000000
1.00000000  13.50000000 1.81000000 2.61000000 20.00000000 96.00000000 2.53000000 2.61000000 0.28000000 1.66000000 3.52000000 1.12000000 3.82000000 845.00000000
1.00000000  14.12000000 1.48000000 2.32000000 16.80000000 95.00000000 2.20000000 2.43000000 0.26000000 1.57000000 5.00000000 1.17000000 2.82000000 1280.00000000
3.00000000  12.79000000 2.67000000 2.48000000 22.00000000 112.00000000 1.48000000 1.36000000 0.24000000 1.26000000 10.80000000 0.48000000 1.47000000 480.00000000
3.00000000  12.82000000 3.37000000 2.30000000 19.50000000 88.00000000 1.48000000 0.66000000 0.40000000 0.97000000 10.26000000 0.72000000 1.75000000 685.00000000
2.00000000  12.17000000 1.45000000 2.53000000 19.00000000 104.00000000 1.89000000 1.75000000 0.45000000 1.03000000 2.95000000 1.45000000 2.23000000 355.00000000
2.00000000  12.00000000 0.92000000 2.00000000 19.00000000 86.00000000 2.42000000 2.26000000 0.30000000 1.43000000 2.50000000 1.38000000 3.12000000 278.00000000
2.00000000  12.37000000 0.94000000 1.36000000 10.60000000 88.00000000 1.98000000 0.57000000 0.28000000 0.42000000 1.95000000 1.05000000 1.82000000 520.00000000
3.00000000  13.88000000 5.04000000 2.23000000 20.00000000 80.00000000 0.98000000 0.34000000 0.40000000 0.68000000 4.90000000 0.58000000 1.33000000 415.00000000
3.00000000  13.40000000 3.91000000 2.48000000 23.00000000 102.00000000 1.80000000 0.75000000 0.43000000 1.41000000 7.30000000 0.70000000 1.56000000 750.00000000
3.00000000  13.52000000 3.17000000 2.72000000 23.50000000 97.00000000 1.55000000 0.52000000 0.50000000 0.55000000 4.35000000 0.89000000 2.06000000 520.00000000
3.00000000  13.71000000 5.65000000 2.45000000 20.50000000 95.00000000 1.68000000 0.61000000 0.52000000 1.06000000 7.70000000 0.64000000 1.74000000 740.00000000
1.00000000  14.10000000 2.02000000 2.40000000 18.80000000 103.00000000 2.75000000 2.92000000 0.32000000 2.38000000 6.20000000 1.07000000 2.75000000 1060.00000000
2.00000000  12.72000000 1.75000000 2.28000000 22.50000000 84.00000000 1.38000000 1.76000000 0.48000000 1.63000000 3.30000000 0.88000000 2.42000000 488.00000000
1.00000000  13.16000000 2.36000000 2.67000000 18.60000000 101.00000000 2.80000000 3.24000000 0.30000000 2.81000000 5.68000000 1.03000000 3.17000000 1185.00000000
2.00000000  12.34000000 2.45000000 2.46000000 21.00000000 98.00000000 2.56000000 2.11000000 0.34000000 1.31000000 2.80000000 0.80000000 3.38000000 438.00000000
2.00000000  12.29000000 3.17000000 2.21000000 18.00000000 88.00000000 2.85000000 2.99000000 0.45000000 2.81000000 2.30000000 1.42000000 2.83000000 406.00000000
1.00000000  13.75000000 1.73000000 2.41000000 16.00000000 89.00000000 2.60000000 2.76000000 0.29000000 1.81000000 5.60000000 1.15000000 2.90000000 1320.00000000
3.00000000  12.25000000 3.88000000 2.20000000 18.50000000 112.00000000 1.38000000 0.78000000 0.29000000 1.14000000 8.21000000 0.65000000 2.00000000 855.00000000
1.00000000  13.63000000 1.81000000 2.70000000 17.20000000 112.00000000 2.85000000 2.91000000 0.30000000 1.46000000 7.30000000 1.28000000 2.88000000 1310.00000000
1.00000000  13.73000000 1.50000000 2.70000000 22.50000000 101.00000000 3.00000000 3.25000000 0.29000000 2.38000000 5.70000000 1.19000000 2.71000000 1285.00000000
3.00000000  13.58000000 2.58000000 2.69000000 24.50000000 105.00000000 1.55000000 0.84000000 0.39000000 1.54000000 8.66000000 0.74000000 1.80000000 750.00000000
3.00000000  13.40000000 4.60000000 2.86000000 25.00000000 112.00000000 1.98000000 0.96000000 0.27000000 1.11000000 8.50000000 0.67000000 1.92000000 630.00000000
1.00000000  14.02000000 1.68000000 2.21000000 16.00000000 96.00000000 2.65000000 2.33000000 0.26000000 1.98000000 4.70000000 1.04000000 3.59000000 1035.00000000
2.00000000  12.37000000 1.21000000 2.56000000 18.10000000 98.00000000 2.42000000 2.65000000 0.37000000 2.08000000 4.60000000 1.19000000 2.30000000 678.00000000
1.00000000  13.56000000 1.71000000 2.31000000 16.20000000 117.00000000 3.15000000 3.29000000 0.34000000 2.34000000 6.13000000 0.95000000 3.38000000 795.00000000
3.00000000  14.34000000 1.68000000 2.70000000 25.00000000 98.00000000 2.80000000 1.31000000 0.53000000 2.70000000 13.00000000 0.57000000 1.96000000 660.00000000
2.00000000  11.82000000 1.72000000 1.88000000 19.50000000 86.00000000 2.50000000 1.64000000 0.37000000 1.42000000 2.06000000 0.94000000 2.44000000 415.00000000
3.00000000  13.48000000 1.67000000 2.64000000 22.50000000 89.00000000 2.60000000 1.10000000 0.52000000 2.29000000 11.75000000 0.57000000 1.78000000 620.00000000
3.00000000  12.86000000 1.35000000 2.32000000 18.00000000 122.00000000 1.51000000 1.25000000 0.21000000 0.94000000 4.10000000 0.76000000 1.29000000 630.00000000
2.00000000  13.05000000 3.86000000 2.32000000 22.50000000 85.00000000 1.65000000 1.59000000 0.61000000 1.62000000 4.80000000 0.84000000 2.01000000 515.00000000
2.00000000  12.21000000 1.19000000 1.75000000 16.80000000 151.00000000 1.85000000 1.28000000 0.14000000 2.50000000 2.85000000 1.28000000 3.07000000 718.00000000
1.00000000  14.30000000 1.92000000 2.72000000 20.00000000 120.00000000 2.80000000 3.14000000 0.33000000 1.97000000 6.20000000 1.07000000 2.65000000 1280.00000000
2.00000000  12.08000000 1.33000000 2.30000000 23.60000000 70.00000000 2.20000000 1.59000000 0.42000000 1.38000000 1.74000000 1.07000000 3.21000000 625.00000000
2.00000000  11.65000000 1.67000000 2.62000000 26.00000000 88.00000000 1.92000000 1.61000000 0.40000000 1.34000000 2.60000000 1.36000000 3.21000000 562.00000000
2.00000000  13.05000000 5.80000000 2.13000000 21.50000000 86.00000000 2.62000000 2.65000000 0.30000000 2.01000000 2.60000000 0.73000000 3.10000000 380.00000000
3.00000000  12.70000000 3.55000000 2.36000000 21.50000000 106.00000000 1.70000000 1.20000000 0.17000000 0.84000000 5.00000000 0.78000000 1.29000000 600.00000000
1.00000000  12.93000000 3.80000000 2.65000000 18.60000000 102.00000000 2.41000000 2.41000000 0.25000000 1.98000000 4.50000000 1.03000000 3.52000000 770.00000000
2.00000000  12.42000000 2.55000000 2.27000000 22.00000000 90.00000000 1.68000000 1.84000000 0.66000000 1.42000000 2.70000000 0.86000000 3.30000000 315.00000000
